0 -616.5525 	 0.3629621 	 0.07041617 0.4657471 	 0.7869485 0.4657471 
1 -468.6153 	 0.3699924 	 -0.3739982 0.5885334 	 0.2196426 1.117457 
2 -460.5468 	 0.3604194 	 -0.5161393 0.5883424 	 0.2908571 1.062566 
3 -453.5873 	 0.3622001 	 -0.6255718 0.5408586 	 0.3552559 1.024018 
4 -446.8513 	 0.3705177 	 -0.7058666 0.478688 	 0.415478 0.9914977 
5 -442.4161 	 0.3827427 	 -0.7571807 0.4305786 	 0.4695049 0.9614105 
6 -440.4511 	 0.3951435 	 -0.7858052 0.4055067 	 0.5133546 0.9348621 
7 -439.5846 	 0.4061266 	 -0.8012422 0.3960917 	 0.5479379 0.9122758 
8 -439.0298 	 0.4162607 	 -0.8094929 0.3945282 	 0.5772441 0.8924508 
9 -438.5325 	 0.4262825 	 -0.813564 0.3964602 	 0.6044929 0.8739511 
10 -438.0198 	 0.436566 	 -0.8149865 0.3997811 	 0.6314768 0.8557195 
11 -437.4682 	 0.4472269 	 -0.8145574 0.4035058 	 0.6590261 0.8371195 
12 -436.8696 	 0.4582507 	 -0.8126857 0.4071786 	 0.6874282 0.8178432 
13 -436.2232 	 0.4695584 	 -0.8095857 0.4106057 	 0.7166627 0.7978153 
14 -435.5328 	 0.4810339 	 -0.8053956 0.413739 	 0.7465277 0.7771099 
15 -434.8071 	 0.4925392 	 -0.800244 0.4166176 	 0.7767132 0.7558887 
16 -434.0584 	 0.5039249 	 -0.7942773 0.4193277 	 0.8068458 0.7343654 
17 -433.3027 	 0.5150393 	 -0.7876636 0.4219689 	 0.8365166 0.7127941 
18 -432.559 	 0.5257349 	 -0.7805874 0.4246305 	 0.8653009 0.6914661 
19 -431.8478 	 0.535874 	 -0.7732431 0.4273758 	 0.8927766 0.6707073 
20 -431.1899 	 0.5453335 	 -0.7658274 0.4302344 	 0.9185442 0.6508655 
21 -430.6036 	 0.5540104 	 -0.7585323 0.4331999 	 0.9422524 0.632288 
22 -430.1024 	 0.5618281 	 -0.7515353 0.4362328 	 0.9636257 0.6152882 
23 -429.6926 	 0.5687419 	 -0.7449898 0.4392688 	 0.9824904 0.6001081 
24 -429.3723 	 0.5747424 	 -0.7390153 0.4422298 	 0.9987908 0.5868878 
25 -429.133 	 0.5798552 	 -0.7336903 0.4450374 	 1.012589 0.5756504 
26 -428.9616 	 0.5841372 	 -0.7290498 0.4476247 	 1.024052 0.5663096 
27 -428.8433 	 0.5876675 	 -0.7250886 0.4499445 	 1.033416 0.5586952 
28 -428.7642 	 0.5905388 	 -0.721769 0.4519723 	 1.04096 0.5525871 
29 -428.7128 	 0.5928473 	 -0.7190314 0.4537052 	 1.046968 0.5477489 
30 -428.68 	 0.5946859 	 -0.7168042 0.4551572 	 1.051711 0.5439525 
31 -428.6595 	 0.5961391 	 -0.7150127 0.4563536 	 1.05543 0.5409938 
32 -428.6468 	 0.5972809 	 -0.713585 0.4573259 	 1.058332 0.5386985 
33 -428.639 	 0.5981737 	 -0.7124556 0.458107 	 1.060588 0.5369235 
